140.9 0.001
140.9 17.89
141.1 22.71
141.1 27.75
141.1 33.13
141.1 38.96
141.0 45.32
140.9 52.32
140.8 60.07
140.7 68.68
140.4 78.28
140.2 89.0
139.9 101.0
139.6 114.4
139.3 129.5
139.0 146.5
138.7 165.5
138.3 187.0
137.9 211.1
137.5 238.2
137.1 268.7
136.6 303.1
136.2 341.9
135.7 385.5
135.3 434.7
135.0 490.1
134.5 552.5
134.0 622.9
133.6 702.1
133.1 791.4
132.6 892.1
132.2 1006.0
131.8 1133.0
131.4 1277.0
131.1 1440.0
130.7 1623.0
130.3 1829.0
130.0 2061.0
129.7 2322.0
129.4 2617.0
129.1 2949.0
128.9 3322.0
128.7 3743.0
128.5 4217.0
128.3 4751.0
128.2 5353.0
128.0 6030.0
127.9 6793.0
127.7 7652.0
127.6 8620.0
127.4 9710.0
127.3 10940.0
127.1 12320.0
126.9 13880.0
126.6 15630.0
126.4 17610.0
126.1 19840.0
125.7 22350.0
125.2 25180.0
124.7 28370.0
124.0 31970.0
123.3 36020.0
122.6 40590.0
121.7 45750.0
120.9 51560.0
120.0 58120.0
119.3 65510.0
118.5 73850.0
118.1 83250.0
117.8 93840.0
117.7 105800.0
117.9 119200.0
118.1 134300.0
118.6 151200.0
119.3 170300.0
120.2 191700.0
121.3 215800.0
122.7 242800.0
124.3 273200.0
126.2 307300.0
128.5 345500.0
131.1 388300.0
134.0 436100.0
137.3 489600.0
141.0 549200.0
144.9 615600.0
149.3 689500.0
154.1 771500.0
159.4 862200.0
165.6 962300.0
171.3 1073000.0
175.7 1195000.0
180.1 1332000.0
189.1 1481000.0
195.5 1646000.0
202.1 1828000.0
208.9 2029000.0
215.8 2251000.0
222.9 2498000.0
230.3 2771000.0
237.8 3074000.0
245.5 3410000.0
253.5 3783000.0
261.7 4198000.0
270.2 4660000.0
287.7 5167000.0
296.5 5730000.0
305.5 6364000.0
314.7 7086000.0
324.4 7908000.0
334.4 8842000.0
343.5 9899000.0
351.9 11090000.0
360.7 12440000.0
370.0 13970000.0
380.1 15680000.0
390.9 17610000.0
401.5 19780000.0
411.8 22210000.0
423.1 24940000.0
435.3 28010000.0
447.8 31440000.0
460.2 35270000.0
474.4 39560000.0
491.4 44340000.0
508.3 49660000.0
525.7 55580000.0
543.5 62170000.0
